 34.87057,
 35.00186,
 35.00332,
 35.07971,
 35.11791,
 35.14231,
 35.21811,
 35.37012,
 35.49125,
 35.5417,
 35.60517,
 35.66942,
 35.73579,
 35.81412,
 35.86436,
 35.9167,
 35.98542,
 36.05493,
 36.11546,
 36.15058,
 36.10119,
 36.01461,
 36.09833,
 36.21464,
 36.37619,
 36.60322,
 36.817,
 36.99997,
 37.0004,
 37.0004,
 36.99998,
 36.99998,
 36.99998,
 36.99998,
 36.99998,
 36.99998,
 37.00022,
 37.00017,
 37.00012,
 37.00048,
 37.00094,
 37.00105,
 37.00097,
 37.00166,
 37.00147,
 37.00102,
 37.00247,
 37.00325,
 37.00383,
 36.99828,
 36.99845,
 36.99831,
 36.9991,
 36.99926,
 36.99908,
 36.99908,
 36.99897,
 36.8531,
 36.70384,
 36.54513,
 36.41637,
 36.29154,
 36.18724,
 36.03128,
 35.93088,
 35.81044,
 35.65092,
 35.45859,
 35.30697,
 34.91388,
 34.71264,
 34.44558,
 34.08446,
 33.71335,
 33.3477,
 33.07165,
 32.70386,
 32.40743,
 32.1771,
 31.87069,
 31.63698,
 31.3325,
 31.33252,
 31.3338,
 31.33396,
 31.334,
 31.33394,
 31.33406,
 31.33393,
 31.33408,
 31.33399,
 31.33341,
 31.33363,
 31.33296,
 31.33299,
 31.33305,
 31.33363,
 31.33328,
 31.33281,
 31.33283,
 31.33257,
 31.34898,
 31.38586,
 31.40231,
 31.41305,
 31.42333,
 31.43196,
 31.45068,
 31.46195,
 31.4678,
 31.47995,
 31.49099,
 31.50825,
 31.51945,
 31.54305,
 31.56227,
 31.6012,
 31.61823,
 31.62425,
 31.63623,
 31.65645,
 31.67094,
 31.67701,
 31.69377,
 31.72891,
 31.75165,
 31.76301,
 31.78954,
 31.80473,
 31.82357,
 31.83702,
 31.8513,
 31.86132,
 31.87666,
 31.88514,
 31.89671,
 31.90787,
 31.99917,
 32.0054,
 32.02905,
 32.12566,
 32.17992,
 32.21797,
 32.2376,
 32.28088,
 32.31044,
 32.32538,
 32.33509,
 32.36468,
 32.43408,
 32.48373,
 32.49526,
 32.50602,
 32.50999,
 32.51839,
 32.52419,
 32.53277,
 32.54351,
 32.55396,
 32.56772,
 32.56625,
 32.56133,
 32.57093,
 32.58137,
 32.5955,
 32.60317,
 32.61295,
 32.6238,
 32.62325,
 32.6247,
 32.63705,
 32.65006,
 32.66489,
 32.66985,
 32.67414,
 32.6785,
 32.68221,
 32.68517,
 32.68732,
 32.6986,
 32.70545,
 32.71192,
 32.71829,
 32.71943,
 32.73946,
 32.73137,
 32.73487,
 32.87408,
 32.97206,
 33.03255,
 33.23376,
 33.39691,
 33.47131,
 33.58709,
 33.6969,
 33.84446,
 33.91285,
 33.96372,
 34.04257,
 34.12866,
 34.17212,
 34.31087,
 34.41527,
 34.47903,
 34.64288,
 34.71453,
 34.79181,
 34.86997
