 -114.63332,
 -114.63349,
 -114.63423,
 -114.60899,
 -114.63064,
 -114.57354,
 -114.58031,
 -114.61121,
 -114.6768,
 -114.66076,
 -114.65449,
 -114.68702,
 -114.69704,
 -114.70415,
 -114.67489,
 -114.70883,
 -114.74365,
 -114.73513,
 -114.6729,
 -114.51122,
 -114.32346,
 -114.22646,
 -114.1139,
 -114.04404,
 -114.04338,
 -114.04736,
 -114.05014,
 -114.0506,
 -114.0506,
 -114.05052,
 -113.94557,
 -113.86852,
 -113.62465,
 -113.4727,
 -113.32097,
 -113.17698,
 -113.02079,
 -112.99281,
 -112.96895,
 -112.75086,
 -112.48455,
 -112.32985,
 -111.99142,
 -111.58602,
 -111.39598,
 -111.2523,
 -111.03957,
 -110.73783,
 -110.54945,
 -110.272,
 -110.13851,
 -109.83491,
 -109.43568,
 -109.26993,
 -109.04538,
 -109.04522,
 -109.04522,
 -109.04531,
 -109.04544,
 -109.04547,
 -109.04579,
 -109.04575,
 -109.04601,
 -109.04578,
 -109.04606,
 -109.04621,
 -109.04636,
 -109.04662,
 -109.04644,
 -109.04598,
 -109.04603,
 -109.04633,
 -109.04692,
 -109.047,
 -109.04691,
 -109.0474,
 -109.04762,
 -109.04764,
 -109.04811,
 -109.04905,
 -109.04911,
 -109.05004,
 -109.0587,
 -109.25062,
 -109.30069,
 -109.33682,
 -109.38186,
 -109.45105,
 -109.5287,
 -109.62562,
 -109.79302,
 -109.97582,
 -110.20503,
 -110.49327,
 -110.56918,
 -110.65415,
 -110.77828,
 -110.87564,
 -110.93778,
 -110.94286,
 -110.97553,
 -111.12565,
 -111.24082,
 -111.29191,
 -111.32558,
 -111.3574,
 -111.38483,
 -111.44337,
 -111.47861,
 -111.49725,
 -111.53479,
 -111.56975,
 -111.62412,
 -111.66,
 -111.73365,
 -111.79498,
 -111.9182,
 -111.97172,
 -111.99115,
 -112.02937,
 -112.09379,
 -112.13972,
 -112.15906,
 -112.21295,
 -112.32605,
 -112.39932,
 -112.43603,
 -112.52208,
 -112.57141,
 -112.63294,
 -112.67695,
 -112.72356,
 -112.75567,
 -112.8055,
 -112.83423,
 -112.8711,
 -112.90863,
 -113.20884,
 -113.2279,
 -113.30314,
 -113.61086,
 -113.78489,
 -113.90756,
 -113.97121,
 -114.11135,
 -114.20719,
 -114.25559,
 -114.28755,
 -114.38472,
 -114.61337,
 -114.77804,
 -114.81394,
 -114.81518,
 -114.80524,
 -114.81037,
 -114.81335,
 -114.80551,
 -114.80529,
 -114.79282,
 -114.79206,
 -114.79555,
 -114.81362,
 -114.80894,
 -114.80404,
 -114.80093,
 -114.80804,
 -114.80891,
 -114.80192,
 -114.79518,
 -114.7819,
 -114.77309,
 -114.76427,
 -114.74805,
 -114.74638,
 -114.74505,
 -114.74456,
 -114.74203,
 -114.74,
 -114.73874,
 -114.73062,
 -114.72924,
 -114.72377,
 -114.71994,
 -114.71919,
 -114.69096,
 -114.63501,
 -114.58576,
 -114.46563,
 -114.48131,
 -114.62973,
 -114.68157,
 -114.72123,
 -114.61185,
 -114.5402,
 -114.49649,
 -114.52801,
 -114.51318,
 -114.49813,
 -114.4355,
 -114.35765,
 -114.26017,
 -114.14737,
 -114.29195,
 -114.38169,
 -114.44166,
 -114.48236,
 -114.56953,
 -114.63305
