 38.215,
 38.40118,
 38.60929,
 38.81393,
 38.95788,
 39.11656,
 39.22605,
 39.36423,
 39.56752,
 39.79876,
 40.03782,
 40.18844,
 40.2929,
 40.41493,
 40.50615,
 40.68445,
 40.87296,
 41.00066,
 41.00051,
 41.00013,
 41.0001,
 40.99996,
 41.00008,
 41.00011,
 41.00139,
 41.00205,
 41.00197,
 41.00228,
 41.00305,
 41.00283,
 41.00305,
 41.00315,
 41.00213,
 40.99927,
 40.997,
 40.99701,
 40.99722,
 40.99766,
 40.99818,
 40.9983,
 40.99826,
 41.00153,
 41.00162,
 41.00139,
 41.00141,
 41.00153,
 41.00166,
 41.0017,
 41.00185,
 41.00191,
 41.00239,
 41.00231,
 41.00234,
 41.00243,
 41.00245,
 41.00235,
 41.00247,
 40.97899,
 40.9255,
 40.87501,
 40.82214,
 40.75901,
 40.71742,
 40.69984,
 40.65115,
 40.61334,
 40.55651,
 40.48846,
 40.31022,
 40.1605,
 40.01399,
 40.00308,
 40.00061,
 39.87098,
 39.67645,
 39.53889,
 39.40853,
 39.33572,
 39.24305,
 38.84279,
 38.66387,
 38.59586,
 38.52933,
 38.47219,
 38.41997,
 38.30634,
 38.26504,
 38.17556,
 38.05734,
 37.94303,
 37.80941,
 37.68749,
 37.49347,
 37.45597,
 37.3385,
 37.22191,
 37.10676,
 36.99352,
 36.99302,
 36.99306,
 36.99305,
 36.99311,
 36.99325,
 36.99357,
 36.99367,
 36.9942,
 36.99439,
 36.99425,
 36.99441,
 36.99457,
 36.99479,
 36.99494,
 36.99487,
 36.99513,
 36.99504,
 36.9952,
 36.99557,
 36.99885,
 36.99977,
 36.99959,
 36.99944,
 36.99908,
 36.99855,
 36.99852,
 37.0001,
 37.0001,
 37.00021,
 36.99956,
 36.99892,
 36.99669,
 36.99511,
 36.99367,
 36.9935,
 36.99527,
 36.99589,
 36.99578,
 36.99556,
 36.99469,
 36.99378,
 36.99303,
 36.99263,
 37.00014,
 37.00001,
 37.00001,
 37.0,
 37.00001,
 37.0,
 36.99924,
 36.99927,
 36.99887,
 36.99885,
 36.99908,
 36.99908,
 37.01706,
 37.09597,
 37.20443,
 37.35363,
 37.5667,
 37.7899,
 37.97469,
 38.10272,
 38.21472
