 -109.04984,
 -109.06017,
 -109.06015,
 -109.05655,
 -109.05305,
 -109.05158,
 -109.05119,
 -109.05077,
 -109.05132,
 -109.05077,
 -109.05087,
 -109.05088,
 -109.05093,
 -109.05088,
 -109.05051,
 -109.04899,
 -109.04907,
 -109.05008,
 -109.03134,
 -108.83854,
 -108.6996,
 -108.59802,
 -108.46524,
 -108.25764,
 -108.10567,
 -107.91411,
 -107.75063,
 -107.55479,
 -107.35937,
 -107.27483,
 -107.12561,
 -106.9166,
 -106.59389,
 -106.32621,
 -106.06118,
 -105.82273,
 -105.60473,
 -105.46928,
 -105.2756,
 -105.07514,
 -104.86787,
 -104.58704,
 -104.24506,
 -104.0535,
 -104.05325,
 -104.05153,
 -103.90732,
 -103.61529,
 -103.46471,
 -103.30624,
 -103.00202,
 -102.88728,
 -102.76668,
 -102.55879,
 -102.38345,
 -102.23951,
 -102.12861,
 -102.05156,
 -102.05154,
 -102.05152,
 -102.05145,
 -102.05143,
 -102.05144,
 -102.05144,
 -102.0515,
 -102.0515,
 -102.05152,
 -102.05131,
 -102.05145,
 -102.05176,
 -102.05176,
 -102.05174,
 -102.05174,
 -102.05139,
 -102.0506,
 -102.04955,
 -102.04907,
 -102.04875,
 -102.04802,
 -102.04541,
 -102.04514,
 -102.04524,
 -102.04494,
 -102.04501,
 -102.04479,
 -102.04452,
 -102.04447,
 -102.04431,
 -102.04456,
 -102.04402,
 -102.04286,
 -102.04166,
 -102.04179,
 -102.04178,
 -102.04192,
 -102.04196,
 -102.04199,
 -102.0421,
 -102.04209,
 -102.04538,
 -102.05418,
 -102.07425,
 -102.09059,
 -102.17511,
 -102.19751,
 -102.24848,
 -102.26493,
 -102.29933,
 -102.34378,
 -102.35537,
 -102.40232,
 -102.49444,
 -102.52468,
 -102.57091,
 -102.62547,
 -102.68337,
 -102.7059,
 -102.77324,
 -102.81507,
 -102.86545,
 -102.89315,
 -102.9279,
 -102.97961,
 -102.98698,
 -103.00214,
 -103.0022,
 -103.01356,
 -103.26061,
 -103.53892,
 -103.92627,
 -104.17265,
 -104.49245,
 -104.76311,
 -105.15658,
 -105.50752,
 -105.6576,
 -105.93761,
 -106.15386,
 -106.4654,
 -106.61906,
 -106.73137,
 -106.89142,
 -107.00562,
 -107.25094,
 -107.4121,
 -107.49519,
 -107.8669,
 -108.20233,
 -108.52833,
 -108.7496,
 -108.8978,
 -109.04518,
 -109.04522,
 -109.04531,
 -109.04519,
 -109.04583,
 -109.04582,
 -109.04191,
 -109.04159,
 -109.04304,
 -109.04232,
 -109.0498
