 -103.55583,
 -104.00265,
 -104.64165,
 -105.14679,
 -105.90075,
 -106.55721,
 -106.63119,
 -106.62216,
 -106.63325,
 -106.61103,
 -106.54568,
 -106.52834,
 -106.52861,
 -106.53181,
 -106.55963,
 -106.56993,
 -106.60042,
 -106.61408,
 -106.62967,
 -106.67613,
 -106.68194,
 -106.7505,
 -106.75874,
 -106.77057,
 -106.82052,
 -106.87555,
 -106.89949,
 -106.93928,
 -106.96546,
 -106.98754,
 -106.99317,
 -106.99823,
 -106.99882,
 -107.00056,
 -107.12556,
 -107.2773,
 -107.29766,
 -107.3093,
 -107.32402,
 -107.35469,
 -107.37629,
 -107.39716,
 -107.42244,
 -107.47074,
 -107.50261,
 -107.53069,
 -107.5835,
 -107.62497,
 -107.6266,
 -107.62774,
 -107.62988,
 -107.63241,
 -107.63786,
 -107.64356,
 -107.65173,
 -107.66987,
 -107.70084,
 -107.70821,
 -107.75058,
 -107.7889,
 -107.84105,
 -107.86238,
 -107.8711,
 -107.88551,
 -107.90473,
 -107.964,
 -108.00059,
 -108.044,
 -108.05664,
 -108.07876,
 -108.08267,
 -108.1052,
 -108.15227,
 -108.17096,
 -108.1986,
 -108.20839,
 -108.20844,
 -108.20841,
 -108.2084,
 -108.20838,
 -108.20837,
 -108.2083,
 -108.20814,
 -108.20819,
 -108.20835,
 -108.20869,
 -108.20855,
 -108.20852,
 -108.20849,
 -108.20839,
 -108.20848,
 -108.20854,
 -108.20857,
 -108.36757,
 -108.38904,
 -108.44606,
 -108.47535,
 -108.53011,
 -108.61731,
 -108.65709,
 -108.70766,
 -108.71907,
 -108.72702,
 -108.73503,
 -108.73904,
 -108.7506,
 -108.75906,
 -108.82206,
 -108.86103,
 -108.88692,
 -109.00061,
 -109.05004,
 -109.05004,
 -109.04911,
 -109.04905,
 -109.04811,
 -109.04764,
 -109.04762,
 -109.0474,
 -109.04691,
 -109.047,
 -109.04692,
 -109.04633,
 -109.04603,
 -109.04598,
 -109.04644,
 -109.04662,
 -109.04636,
 -109.04621,
 -109.04606,
 -109.04578,
 -109.04601,
 -109.04575,
 -109.04579,
 -109.04547,
 -109.04544,
 -109.04531,
 -109.04522,
 -109.04522,
 -109.04518,
 -108.8978,
 -108.7496,
 -108.52833,
 -108.20233,
 -107.8669,
 -107.49519,
 -107.4121,
 -107.25094,
 -107.00562,
 -106.89142,
 -106.73137,
 -106.61906,
 -106.4654,
 -106.15386,
 -105.93761,
 -105.6576,
 -105.50752,
 -105.15658,
 -104.76311,
 -104.49245,
 -104.17265,
 -103.92627,
 -103.53892,
 -103.26061,
 -103.01356,
 -103.0022,
 -103.0022,
 -103.00232,
 -103.00232,
 -103.00228,
 -103.00227,
 -103.00224,
 -103.00223,
 -103.00218,
 -103.00206,
 -103.00213,
 -103.00215,
 -103.0021,
 -103.00214,
 -103.00218,
 -103.00237,
 -103.00218,
 -103.0023,
 -103.00226,
 -103.00223,
 -103.00226,
 -103.0023,
 -103.00233,
 -103.00233,
 -103.00228,
 -103.00228,
 -103.00245,
 -103.00243,
 -103.02394,
 -103.04133,
 -103.04249,
 -103.04239,
 -103.04283,
 -103.04312,
 -103.04338,
 -103.04362,
 -103.04374,
 -103.04376,
 -103.04993,
 -103.05727,
 -103.06464,
 -103.06478,
 -103.53275
