 32.00032,
 32.00001,
 32.00041,
 32.0005,
 32.00198,
 32.00076,
 31.98981,
 31.93601,
 31.90997,
 31.84661,
 31.8054,
 31.78318,
 31.78328,
 31.78391,
 31.78394,
 31.78395,
 31.78399,
 31.784,
 31.78409,
 31.78395,
 31.78393,
 31.78371,
 31.78394,
 31.78404,
 31.78385,
 31.78384,
 31.78379,
 31.78378,
 31.78381,
 31.7837,
 31.78369,
 31.78367,
 31.78367,
 31.78355,
 31.78354,
 31.78377,
 31.78367,
 31.78366,
 31.78367,
 31.78365,
 31.78367,
 31.78365,
 31.7836,
 31.78365,
 31.78366,
 31.78365,
 31.78369,
 31.78365,
 31.78374,
 31.78374,
 31.78374,
 31.78374,
 31.7837,
 31.78371,
 31.78371,
 31.78368,
 31.78368,
 31.78368,
 31.78361,
 31.78363,
 31.78365,
 31.7836,
 31.78359,
 31.78359,
 31.7836,
 31.78363,
 31.78365,
 31.78361,
 31.78357,
 31.78351,
 31.7835,
 31.78353,
 31.78357,
 31.78358,
 31.78359,
 31.7836,
 31.74465,
 31.72969,
 31.72323,
 31.7194,
 31.71733,
 31.68878,
 31.62561,
 31.58935,
 31.5608,
 31.52581,
 31.50105,
 31.4998,
 31.47883,
 31.42917,
 31.37656,
 31.3561,
 31.3334,
 31.3334,
 31.33341,
 31.33347,
 31.33344,
 31.33336,
 31.33329,
 31.33323,
 31.33319,
 31.33307,
 31.33298,
 31.3329,
 31.33285,
 31.33273,
 31.33261,
 31.33226,
 31.33232,
 31.33231,
 31.33217,
 31.33224,
 31.3325,
 31.63698,
 31.87069,
 32.1771,
 32.40743,
 32.70386,
 33.07165,
 33.3477,
 33.71335,
 34.08446,
 34.44558,
 34.71264,
 34.91388,
 35.30697,
 35.45859,
 35.65092,
 35.81044,
 35.93088,
 36.03128,
 36.18724,
 36.29154,
 36.41637,
 36.54513,
 36.70384,
 36.8531,
 36.99897,
 36.99908,
 36.99908,
 36.99885,
 36.99887,
 36.99927,
 36.99924,
 37.0,
 37.00001,
 37.0,
 37.00001,
 37.00001,
 37.00014,
 36.99263,
 36.99303,
 36.99378,
 36.99469,
 36.99556,
 36.99578,
 36.99589,
 36.99527,
 36.9935,
 36.99367,
 36.99511,
 36.99669,
 36.99892,
 36.99956,
 37.00021,
 37.0001,
 37.00006,
 36.9686,
 36.95031,
 36.91582,
 36.91402,
 36.90243,
 36.89755,
 36.86996,
 36.81735,
 36.76898,
 36.74295,
 36.7193,
 36.7013,
 36.68525,
 36.67653,
 36.65329,
 36.6278,
 36.60265,
 36.5919,
 36.56927,
 36.56386,
 36.54875,
 36.52963,
 36.51475,
 36.50609,
 36.50046,
 36.5004,
 36.50042,
 35.76515,
 35.21202,
 35.1362,
 34.88888,
 34.67259,
 34.53564,
 34.40999,
 34.27181,
 34.03983,
 33.71754,
 33.35051,
 33.00011,
 32.59516,
 32.00034
