 40.68928,
 40.68985,
 40.76026,
 41.05548,
 41.36,
 41.59062,
 41.89425,
 41.99372,
 41.99367,
 41.98895,
 41.99102,
 41.99331,
 41.99384,
 41.99645,
 41.99735,
 41.99841,
 41.99938,
 41.99973,
 42.00021,
 42.00054,
 42.00099,
 42.00111,
 42.00116,
 41.99763,
 41.99834,
 41.99861,
 41.99856,
 41.99875,
 41.99926,
 41.99951,
 42.00063,
 42.00132,
 42.00154,
 42.00159,
 42.00157,
 42.00034,
 41.83664,
 41.64119,
 41.52149,
 41.41513,
 41.36572,
 41.20441,
 41.10318,
 41.00917,
 40.9976,
 40.99725,
 40.99635,
 40.99635,
 40.99485,
 40.99533,
 40.99609,
 40.99634,
 40.99734,
 40.99766,
 40.99797,
 40.99841,
 40.9983,
 40.99871,
 40.99964,
 41.00064,
 41.00069,
 41.00066,
 40.87296,
 40.68445,
 40.50615,
 40.41493,
 40.2929,
 40.18844,
 40.03782,
 39.79876,
 39.56752,
 39.36423,
 39.22605,
 39.11656,
 38.95788,
 38.81393,
 38.60929,
 38.40118,
 38.215,
 38.21472,
 38.10272,
 37.97469,
 37.7899,
 37.5667,
 37.35363,
 37.20443,
 37.09597,
 37.01706,
 36.99908,
 36.99908,
 36.99926,
 36.9991,
 36.99831,
 36.99845,
 36.99828,
 37.00383,
 37.00325,
 37.00247,
 37.00102,
 37.00147,
 37.00166,
 37.00097,
 37.00105,
 37.00094,
 37.00048,
 37.00012,
 37.00017,
 37.00022,
 36.99998,
 36.99998,
 36.99998,
 36.99998,
 36.99998,
 36.99998,
 37.0004,
 37.0004,
 37.13439,
 37.47222,
 37.70735,
 37.77873,
 37.95499,
 38.20495,
 38.55049,
 38.75165,
 38.90545,
 39.08777,
 39.23851,
 39.36296,
 39.45715,
 39.61018,
 39.75817,
 39.99994,
 40.09896,
 40.30302,
 40.4958
