 -114.04392,
 -114.04391,
 -114.04375,
 -114.04195,
 -114.04061,
 -114.04055,
 -114.0398,
 -114.04172,
 -114.0391,
 -113.80254,
 -113.64886,
 -113.49562,
 -113.36362,
 -113.20505,
 -113.10627,
 -112.96233,
 -112.83266,
 -112.78175,
 -112.68558,
 -112.58229,
 -112.45023,
 -112.26534,
 -112.1985,
 -112.10309,
 -111.98965,
 -111.9304,
 -111.88098,
 -111.82932,
 -111.73177,
 -111.51913,
 -111.4087,
 -111.26009,
 -111.14884,
 -111.04934,
 -111.04669,
 -111.04682,
 -111.04631,
 -111.04601,
 -111.0458,
 -111.04611,
 -111.04648,
 -111.04667,
 -111.04688,
 -111.04686,
 -110.94406,
 -110.86384,
 -110.70521,
 -110.55878,
 -110.43401,
 -110.34177,
 -110.25071,
 -110.14713,
 -110.0004,
 -109.90645,
 -109.75044,
 -109.67348,
 -109.63381,
 -109.51776,
 -109.43099,
 -109.30329,
 -109.05847,
 -109.05008,
 -109.04907,
 -109.04899,
 -109.05051,
 -109.05088,
 -109.05093,
 -109.05088,
 -109.05087,
 -109.05077,
 -109.05132,
 -109.05077,
 -109.05119,
 -109.05158,
 -109.05305,
 -109.05655,
 -109.06015,
 -109.06017,
 -109.04984,
 -109.0498,
 -109.04232,
 -109.04304,
 -109.04159,
 -109.04191,
 -109.04582,
 -109.04583,
 -109.04519,
 -109.04531,
 -109.04522,
 -109.04538,
 -109.26993,
 -109.43568,
 -109.83491,
 -110.13851,
 -110.272,
 -110.54945,
 -110.73783,
 -111.03957,
 -111.2523,
 -111.39598,
 -111.58602,
 -111.99142,
 -112.32985,
 -112.48455,
 -112.75086,
 -112.96895,
 -112.99281,
 -113.02079,
 -113.17698,
 -113.32097,
 -113.4727,
 -113.62465,
 -113.86852,
 -113.94557,
 -114.05052,
 -114.0506,
 -114.05187,
 -114.05264,
 -114.05198,
 -114.04939,
 -114.05013,
 -114.04997,
 -114.04992,
 -114.04916,
 -114.04833,
 -114.04885,
 -114.04841,
 -114.04779,
 -114.0473,
 -114.04757,
 -114.04727,
 -114.04658,
 -114.04644,
 -114.04619,
 -114.04558
